N=3000
halfL=7.279837
Rcut=2.500000
LJ fixed term=
A:-0.038999
B:0.113816